# PTV experiment configuration file

 3	# ncams

######## cam 0 ########

512			# Npix_x
512			# Npix_y
 0.02191820			# pixsize_x (mm)
 0.02200000		# pixsize_y (mm)
 91.83463462		# effective focal length (mm)
 3.34670591e-05	# radial distortion k1 (1/pixel)
 0.00000000e+00	# tangential distortion p1 (1/pixel)
 0.00000000e+00	# tangential distortion p2 (1/pixel)
0.0		# x0 (mm)
0.0		# y0 (mm)
0.0		# x0_offset (pixel)
0.0		# y0_offset (pixel)
1.0		# x_rot (cos(theta))
0.0		# y_rot (sin(theta))
# rotation matrix R
  0.69015031	 -0.72364621	 -0.00535812
  0.00733760	  0.00443120	  0.99996326
  0.72359589	  0.69016427	 -0.00836802
# translation vector T
     0.96783226
    -5.46164509
   646.11799749
# inverse rotation matrix Rinv
  0.69018445	  0.00975358	  0.72360475
 -0.72363957	  0.00189810	  0.69017273
 -0.00185777	  0.99995676	 -0.00836812
# inverse translation vector Tinv
  -468.14876565
  -445.22229068
    10.87000065
# rms distance between particle centers found on image plane and their projections
#      0.29279465		# err_x
#      0.31615948		# err_y
#      0.43091243		# err_t

######## cam 1 ########

512			# Npix_x
512			# Npix_y
 0.02195394			# pixsize_x (mm)
 0.02200000		# pixsize_y (mm)
 89.93526174		# effective focal length (mm)
 5.76045398e-05	# radial distortion k1 (1/pixel)
 0.00000000e+00	# tangential distortion p1 (1/pixel)
 0.00000000e+00	# tangential distortion p2 (1/pixel)
0.0		# x0 (mm)
0.0		# y0 (mm)
0.0		# x0_offset (pixel)
0.0		# y0_offset (pixel)
1.0		# x_rot (cos(theta))
0.0		# y_rot (sin(theta))
# rotation matrix R
 -0.69270947	 -0.72120863	 -0.00342053
  0.00781141	 -0.01906130	  0.99978780
  0.72112079	 -0.69253576	 -0.01883760
# translation vector T
     1.13826931
    -4.97452023
   604.04639304
# inverse rotation matrix Rinv
 -0.69276462	  0.01121727	  0.72113822
 -0.72113235	 -0.01551597	 -0.69255250
 -0.00833602	  0.99982878	 -0.01883805
# inverse translation vector Tinv
  -434.75658646
   419.07749940
    16.36221468
# rms distance between particle centers found on image plane and their projections
#      0.39173896		# err_x
#      0.40382351		# err_y
#      0.56261251		# err_t

######## cam 2 ########

512			# Npix_x
512			# Npix_y
 0.02195992			# pixsize_x (mm)
 0.02200000		# pixsize_y (mm)
 92.61091529		# effective focal length (mm)
 1.29692315e-05	# radial distortion k1 (1/pixel)
 0.00000000e+00	# tangential distortion p1 (1/pixel)
 0.00000000e+00	# tangential distortion p2 (1/pixel)
0.0		# x0 (mm)
0.0		# y0 (mm)
0.0		# x0_offset (pixel)
0.0		# y0_offset (pixel)
1.0		# x_rot (cos(theta))
0.0		# y_rot (sin(theta))
# rotation matrix R
  0.03170031	 -0.99943898	  0.01080799
 -0.49865823	 -0.00604448	  0.86677762
  0.86622601	  0.03286661	  0.49857008
# translation vector T
     0.39417071
    -4.64853177
   645.74221832
# inverse rotation matrix Rinv
  0.03150164	 -0.49864568	  0.86622615
 -0.99944155	 -0.00644266	  0.03286662
  0.01115333	  0.86678206	  0.49857016
# inverse translation vector Tinv
  -561.68918130
   -20.85936121
  -317.92293427
# rms distance between particle centers found on image plane and their projections
#      0.25612816		# err_x
#      0.22995165		# err_y
#      0.34420836		# err_t

##### laser beam #####

0		# finite volume illumination
0		# illum_xmin
0		# illum_xmax
0		# illum_ymin
0		# illum_ymax
0		# illum_zmin
0		# illum_zmax

#### thresholds for 3D matching ####

1.5		# mindist_pix (pixel)
0.1		# maxdist_3D (mm)
